add_python=0.5561300272802813 s
add_numpy=0.0496304728315988 s
speedup=11.20541464852222
